2.0 6.602708517581121761e-01 7.980951815016191760e-05
2.25 6.973902998981572621e-01 1.753904196724785040e-04
2.5 7.285973630513394861e-01 1.025272638991944378e-04
2.7 7.741194573821834624e-01 1.422387390867697475e-04
3.044 8.332180512408937645e-01 8.822636433699723615e-05
3.3 8.749110677053963947e-01 1.170714173793882849e-04
3.5 8.954664495393922508e-01 1.002640971517446307e-04
4.0 9.246090583026896903e-01 4.518758891771782095e-05
4.5 9.434166967783410573e-01 4.494122903846836919e-05
5.0 9.556201226494928092e-01 2.462477130357108136e-05
