0  1
0.09716599190283401  0.9916413373860182
0.1396761133603239  0.9832826747720365
0.18218623481781376  0.9737841945288754
0.20647773279352227  0.9646656534954408
0.2368421052631579  0.9551671732522796
0.26720647773279355  0.9460486322188449
0.28542510121457493  0.9373100303951367
0.3157894736842105  0.9270516717325228
0.340080971659919  0.918693009118541
0.3582995951417004  0.9099544072948328
0.3825910931174089  0.9008358662613982
0.4068825910931174  0.8913373860182371
0.4311740890688259  0.8822188449848024
0.45546558704453444  0.8731003039513678
0.47975708502024295  0.8639817629179332
0.5101214574898786  0.8548632218844985
0.5404858299595142  0.8457446808510638
0.5647773279352227  0.8366261398176291
0.6012145748987854  0.8275075987841946
0.6376518218623481  0.8187689969604863
0.6862348178137652  0.8111702127659575
0.728744939271255  0.8043313069908815
0.7955465587044535  0.7997720364741642
0.8866396761133604  0.7990121580547113
0.9838056680161943  0.8031914893617021
1.0506072874493928  0.8069908814589666
1.0991902834008098  0.810790273556231
1.159919028340081  0.8119300911854104
1.2874493927125505  0.8153495440729484
1.360323886639676  0.8149696048632219
1.4271255060728745  0.8126899696048633
1.4878542510121457  0.810790273556231
1.5668016194331984  0.8081306990881459
1.6214574898785425  0.8062310030395137
1.6639676113360324  0.8081306990881459
1.7246963562753037  0.8069908814589666
1.7975708502024292  0.8066109422492401
1.9008097165991904  0.8092705167173252
1.9676113360323886  0.8111702127659575
2.034412955465587  0.8115501519756839
2.1012145748987856  0.8111702127659575
2.174089068825911  0.8100303951367781
2.2348178137651824  0.8088905775075987
2.2834008097165994  0.8058510638297872
2.3259109311740893  0.8020516717325228
2.3562753036437245  0.7982522796352584
2.38663967611336  0.7948328267477204
2.4412955465587043  0.7891337386018237
2.4959514170040484  0.7822948328267477
2.5384615384615383  0.7792553191489362
2.5931174089068825  0.773176291793313
2.623481781376518  0.7701367781155015
2.6781376518218623  0.7644376899696048
2.7327935222672064  0.7610182370820668
2.799595141700405  0.7583586626139818
2.866396761133603  0.756079027355623
2.9210526315789473  0.7549392097264438
2.9817813765182186  0.7549392097264438
3.0364372469635628  0.756838905775076
