0.0547550432276657  0.9963963963963964
0.15850144092219018  0.9774774774774775
0.23631123919308356  0.9545045045045045
0.3025936599423631  0.9315315315315316
0.3631123919308357  0.9076576576576576
0.42363112391930835  0.8837837837837837
0.4899135446685879  0.8603603603603603
0.5590778097982708  0.8373873873873874
0.6512968299711815  0.8157657657657658
0.7809798270893371  0.8009009009009009
0.8760806916426512  0.7995495495495496
0.9682997118155618  0.8027027027027027
1.037463976945245  0.8067567567567567
1.1037463976945243  0.8108108108108109
1.1902017291066282  0.813963963963964
1.2795389048991355  0.8153153153153153
1.377521613832853  0.8153153153153153
1.4582132564841497  0.813963963963964
1.5331412103746396  0.8121621621621622
1.6138328530259365  0.8117117117117117
1.7002881844380402  0.8121621621621622
1.780979827089337  0.813963963963964
1.8587896253602305  0.8171171171171171
1.951008645533141  0.8225225225225226
2.037463976945245  0.8279279279279279
2.126801152737752  0.8310810810810811
2.2103746397694524  0.8333333333333334
2.30835734870317  0.8333333333333334
2.389048991354467  0.8310810810810811
2.4697406340057637  0.8279279279279279
2.561959654178674  0.8243243243243243
2.62536023054755  0.8211711711711711
2.6974063400576367  0.818018018018018
2.7694524495677233  0.8166666666666667
2.835734870317003  0.8157657657657658
2.8991354466858787  0.8153153153153153
2.956772334293948  0.8157657657657658
3.0028818443804033  0.818018018018018
