2.0 6.155925805696829123e-01 1.889159961430266572e-04
2.25 6.683079901101859344e-01 1.160042889991458857e-04
2.5 7.304108832615218150e-01 1.138677919087857925e-04
2.7 7.645430329745457332e-01 7.452089694181369354e-05
3.044 8.142242605701061064e-01 4.303929655339215957e-05
3.3 8.661968503958736854e-01 7.440266861072411520e-05
3.5 8.881767027648580504e-01 7.222596418889885470e-05
4.0 9.237817364880669402e-01 4.870111667764287570e-05
4.5 9.422598611286714387e-01 3.280730066438931327e-05
5.0 9.546773620391665327e-01 2.057845160191293770e-05
